INDEX RERUM ET NOMINUM.

stultitia 5211

stuppa dc lino 12911
sudor 1761 20511 2151
sulphur 2911. 2051 21111
suspirio 4711

1968181847511314

tclp 1 20611

tanacetum, 168, 11. 2091. 216, so

tempestas 3,44 l4l,4

11119 3ομ11 401. 4911

1091109191) 7411. 7511

testudo 20311

111111 12911. 1731. 2051

1111919211

tonitrus 311. 14211

101110911119 1981, 20911

tortelli 17011. 17411. 1791511.
2001511. 20111. 20311. 20611
t. sx quibus cerevisia fit 18111

251

venenum 2911. 1961

ventosa 12611. 1831

10111111 411. 5115 11. 5811

veprium 1111921611

11101111 17311. 20511

vermis 2511. 2711. 5411. 7911.
8711. 1581. 16411. 20711.
20911. 2171

1111110911

vesica 1711. 951. 10111. 14011.
14111. 15611

vestium calor 189,1s

vigiliae 4610

vincarum putatio 79,s1

vinum 141. 3011. 4811. 11611.
19411. 14111. 15011. 16811511.
16911. 1701117111. 17511511.
17611. 1771511. 17811. 17911.
18411. 18611. 1921. 1931511.
19711. 19815 11. 19915 10.

1011101101 15711. 197115 11101109 20111. 2021511. 20411. 20510.

tristitia 148,11.146,1.149,11

11111101 5411 9711 153 cs 154,.11
16111011111111111189111111111

11111119,.611 13211 219, so

ubera 11011

ulcus 2711. 301 3311, 5411
8811. 10111. 132111. 13411.
15411. 16011. 16111. 18311.
20411

ulex 1301

umbilicus 76 ss 11011

uri& 1351 22411 inspsobio u.

urtica 1751 195,4. 210„ys

¹ 21411. 2181511
1111101281

1111917411

vegas 14,1s. l9‚14. 4311. 69,.11
111. 10011. 10911. 12711
13311. 1521 v. compressio
187,ss dolor 13211

208,11. 2091 21111 21511.
2161511511 21911 v Ηι1110-
uicum 11'6‚2.4 14111
110191717011 2,0411
1110111009 18111
1111111711. 951511
11110911ἰ31ἐ111,176,11. 1811
Visus 11
11190 signu 220,51 11. 22211 ss.
223,11511 0 1119091919 114211
1ο11111113411
νο11111111151,1.199,11
vox 9711 2211
111111111ο11111111 21011
110111120811 2131
1900911917911 19011 19511.
19711 20111

1111161111111111 1781117911

mizi-3311 81 31112091 21011 216, ss

1900919111 173,,11 1751179111.
1911. 1931. 19511. 19911

 

